[#...#..##.] (0,1,2,5,7,8,9) (0,1,2,3,6,7,8) (2,3,4,5,6) (0,2,4,5,6,7,8,9) (3,5) (0,1,2,4,5,7,9) (0,2,3,6,7,8) (0,1,5,6,8,9) (0,2,3,5,7) (0,1,4,7,8) (2,3,5,6,7) {90,46,86,53,31,94,57,80,66,58}
[###.#] (2,3) (0,2,4) (0,2,3,4) (0,1,2,4) {201,19,208,185,201}
[###..] (0,2,4) (2,3) (1,4) (1,2) {16,30,36,5,31}
[#...#.] (2,4) (1,2,3,5) (0,2,3,5) (0,1,2,3) (0,3) (0,2,3,4) (0,1,3,5) {141,13,155,143,135,9}
[#.#.] (0,2) (1,3) {134,14,134,14}
[#.##] (1,3) (0,2,3) (0) (1,2,3) (2) (0,2) {13,24,49,25}
[.#.#] (0,3) (3) (2) (1,3) (0,1) {24,32,8,30}
[##.#...#..] (2,4,6,8) (1,3,4,7,8) (0,2,4,5,9) (1,2,3,5,7,8,9) (1,4,5,6,8,9) (0,2,7,9) (4,5,7,8,9) (0,1,2,7,8) (0,1,3,8) (1,2,3,4,5,6,8,9) (0,3) {45,53,67,32,30,35,15,64,63,54}
[..##..] (0,1,3,4,5) (0,1,5) (2,3,4) (0,2,3) (0,1,3,4) (1,3,5) (3) (0,1,2,3,5) {55,53,43,80,27,46}
[####..] (1,4) (0,1,5) (1,2,5) (1,3) (0,1,2,4) {7,154,15,115,23,16}
[..###] (0,1) (3,4) (1,3,4) (0,1,2,4) (0,2,4) (3) (1,2,3) {41,48,40,57,49}
[..###.##] (1,3,4) (0,1,5,6) (0,2,3,5) (1,6,7) (0,1,2,3,4,5,7) (0,3) {32,46,10,39,24,20,22,19}
[..#..###.#] (2,4,6,7,8) (1,2,3,4,5,6,7,8) (1,3,4,5,6,7,8,9) (0,1,2,5,6,7,8) (0,1,2,3,4,5,6,8,9) (1,7,8) (3,4,5,6,7,8,9) (1,2,4,6,7,8,9) (5,9) (0,3,7,9) (5,6,8) {21,60,49,32,59,58,80,91,93,65}
[....#.#.] (0,2,4) (5,6,7) (1,3,7) (1,2,3,4,5,6) (1,2,3,5,6) (0,1,2,7) (2,4,5,6,7) (0,1,2,3,4,6,7) (0,2) (0,2,7) {57,55,74,44,33,20,35,58}
[.#.#] (0,2,3) (1,3) {7,6,7,13}
[#..#..#...] (1,2,5,7) (2,6,7,8,9) (1,2,5,7,9) (3,4,7,8,9) (0,1,4,5,6,7,8,9) (1,4,6,7,9) (0,2,3,4,5,7,8,9) (0,1,2,3,4,6,7,8) (4,5,8) (0,9) {14,48,44,15,36,32,36,74,31,63}
[#####.##..] (0,2,5,6) (0,2,3,6,7) (0,1,3,4,7) (1,2,3,4,5,6,7,9) (0,1,3,4,5,7,8,9) (1,2,3,4,5,9) (0,2,3,4,6) (0,2,4,5,7,9) (0,4,5,6,9) {26,37,47,49,47,42,32,30,1,41}
[.#....###.] (1,2,4,7) (0,2,3,4,7,8,9) (3,5,6,7) (0,1,2,3,5,6,8,9) (1,2,8) (0,1,2,3,4,7,9) (0,1,3,4,6,9) (2,3,4,5,6) (1,3) (0,1,3,6) (1,3,4,7) (0,1,3,5,6,7,8,9) (1,5,6,7,8) {51,98,49,81,37,45,57,64,59,39}
[#.###] (0,3) (0,2,4) (0,1,3) (0,2,3,4) {136,11,116,126,116}
[#.#.##.] (0,1,5,6) (1,2,3,4,5) (0,1,3,5,6) (0,6) (2,3,6) (2,3,4,5,6) (2,3,4,6) {23,32,46,49,26,45,57}
[#.#.] (1,3) (0,3) (0,2) (2,3) {22,8,12,36}
[....##.#..] (0,1,2,3,4,8,9) (2,8) (0,2,3,4,6,7,9) (1,6,7) (0,1,4,5,6,7,8) (0,1,4,5,6,8,9) (9) (3,4) (0,1,6,8) (0,1,3,4,5,6,7,8) (1,4,9) (2,6,7) {69,78,55,56,106,41,73,56,67,78}
[.#.#..####] (1,2,3,4,5,6,7,9) (0,1,2,3,4,5,6,7,8) (0,2,3,4,5,6,8,9) (2,3,4,5,6,7,9) (1,3,4,5,6,7,9) (1,2,3,4,6,7,9) (0,3,5,6,9) (1,2,4,5,9) (1,2,3,4,5,6,7,8,9) (2,9) (2,4,5,6,7,8) {23,227,264,250,252,244,255,244,36,258}
[#..##.###.] (0,1,2,3,4,6,7,9) (0,1,2,3,4,5,7,8,9) (0,2,4,5) (0,1,3,4,5,6,7,9) (1,3,4,6,9) (0,1,2,3,4,5,8,9) (2,4,8) (0,1,4,8,9) (1,3,4,5,6,7) (0,1,2,4,6,7,8,9) (1,3,4,5,6,8,9) (1,3,4,5,7,8) {83,93,66,77,120,73,54,69,59,72}
[###.] (0,1) (1,2) (0,1,3) (2) (2,3) {31,32,35,37}
[########.] (3,4) (1,2,3,4,5,7,8) (0,2,3,4,5,6,8) (1,2,5,6) (0,3,4,5,6) (6,7,8) (0,4) (0,1,2,3,4,5,6,7) (0,2,5,7) {116,42,147,31,31,152,49,145,36}
[.##.###.#] (0,4,8) (0,2,4,5,6,8) (2,3,4,5) (3,6,7) (1,2,4,6,8) (1,3,4,5,6,8) (2,3,5) (0,2,5,6,7,8) (0,1,2,4,5,6,7) {158,38,175,38,64,188,179,135,174}
[##.#.##] (0,1,6) (0,1,4,5,6) (1,2,6) (0,1,2,3,4) (3,4) {45,211,183,33,52,19,194}
[###.#.] (0,3) (0,5) (0,1,2,3) (4) (0,1,2,4) (1,2) (0,4) (3,5) {47,28,28,26,35,6}
[##..##.###] (5,6) (0,4,5,8,9) (2,5,6,8,9) (0,1,3,4,6,7,8,9) (1,2,4,5,6,8) (0,3,4,6,8) (1,7) (0,2,3,5,6,8,9) {128,32,18,18,129,136,36,23,138,129}
[#.##] (0,2,3) (0,1,2) (1,3) {19,14,19,31}
[#....#.#] (2,4,7) (1,2,3,4,7) (0,3,6) (1,6,7) (0,5,7) (1,2,4,6) {22,28,24,16,24,15,26,58}
[###.] (0,1,3) (1,3) (0,3) (2) {10,18,19,22}
[#....] (3) (1,4) (0,1) (2,3) (1,2,3,4) (0,2) (1,2) {31,44,41,33,21}
[.#.#] (0) (0,1,3) (0,3) (1,2) (0,1) {33,29,17,21}
[.#..] (1) (1,2) (0,3) (0,1,3) (0,2) (3) {25,16,17,30}
[...#..#.#] (0,2,3,7) (2,4,7,8) (0,8) (0,2,3,6,7,8) (6,8) (1,2,3,8) (5,7) (1,4,6,8) (0,1,2,3,6,7,8) (1,7) (0,1,2,3,4,5,7,8) {47,43,47,41,29,24,28,54,60}
[.#######] (0,1,2,3,4,7) (0,2,3,6,7) (0,2,4) (0,1,4) (0,1,2,4,5,6,7) (0,2,4,5,6,7) (0,4,7) (0,1,3,4,5,6) (1,4,5) (0,1,3,4,6) {34,24,24,17,37,15,18,16}
[####..#] (0,4,5,6) (3,6) (1,4,5,6) (0,4) (3,4,5,6) (1,2,3,5,6) (0,1,3,4,5,6) {155,41,13,68,184,78,98}
[..#.] (0,1,2) (1,2) (0,1,3) (0,3) (2) (1,3) {39,50,40,31}
[.#.##] (0,1,2) (2,3) (0,1,3,4) (4) (0,3,4) (0) (0,1,3) {59,39,138,146,24}
[#..##..] (1,2,4,6) (1,4,5) (0,1,3,6) (0,2,3,4,5,6) (0,2) (1,3,6) {25,39,20,24,25,14,35}
[..###..##] (7) (2,6,7) (0,1,5,6,8) (1,4,5) (0,1,4,5,6,7,8) (0,2,3,4,5,6,7,8) (0,4,5) (3,7) (2,4,5,8) (1,8) {53,36,35,35,53,68,53,57,42}
[##.###] (0,1,3,5) (1,2,3,4,5) (0,1,3) (0,2,4) (1,2,3,5) {24,43,25,43,10,35}
[#..#.#.] (0,1,2,3,4) (0,3) (1,2,3,5,6) (0,1,2,3,5) (4,5) (0,1,2,6) (5) (1,3,6) {53,49,48,52,34,50,25}
[...###....] (2,5,7) (2,6,8,9) (0,1,4) (0,1,4,5,6,7,8,9) (0,1,2,3,7) (0,3,4,5,6,7,8,9) (7,8) (0,2,3,6,8,9) (0,1,2,5,6,8,9) {73,59,54,32,32,34,51,42,58,51}
[...##.#] (1,4,5,6) (0,1,3,4,6) (1,2,3) (1,2,4,5,6) (0,1,3,4,5,6) {19,66,34,39,46,38,46}
[###..] (1,2,4) (0,1,2,3) (0,1,2) {18,22,22,12,4}
[..#..#] (0,2,5) (0,1,4,5) (1,2,3,5) (0,1,2,4) {24,30,35,17,13,34}
[...#..##.] (3,6,7) (1,2,5,7,8) (3,6) (1,2,3,8) (0,2,3,4,7,8) (0,1,2,4,5,7,8) (0,1,3,4,5,6,8) (0,4) {43,33,51,46,43,21,15,47,52}
[..###] (0,2) (1,4) (0,3,4) {12,109,5,7,116}
[.##..#...] (1,2,5) (0,7) (1,2,4,6) (2) (0,1,5,7,8) (1,2,4,5,8) (0,1,6,7,8) (1,2,3,4,6,8) (0,1) (0,1,2,3,5,6,7,8) (2,3,4,5,7,8) {31,65,59,28,33,33,38,27,38}
[##.###.#] (1,2,3,4,7) (0,1,2,3,4,5,6) (0,5,7) (1,2,3) (0,1,6) (0,3,4,5,7) (4,5) (0,1,2,6) (1,2,4,5,6) {49,72,59,28,56,46,51,34}
[####.#] (1,4) (0,2,3,4) (2,4,5) (0,2,3,5) (1,2) (0,1,2,4) (1,3,4,5) {210,37,237,215,58,224}
[#######..] (0,4,5,6,8) (0,3,4,6,7,8) (0,2,3,4,5,6,7) (3,4,7) (0,1,2,5,6,7,8) (0,1,3,4,6,8) (0,1,2,3) (2,3,4,5,6) {71,29,53,95,93,51,83,67,47}
[.#.#..] (1,3) (1,4) (0,3,4,5) (0,1,2,4) (0,3,5) {36,23,11,32,25,25}
[#..#...##] (0,1,3,6,7) (2,5,6,8) (0,6) (3,5,6,7) (1,5) (0,2,6) (0,1,3,4,6,7) (2,5,6,7,8) (1,2,3,5,7,8) {43,52,32,54,5,55,68,63,29}
[#..##] (0,2,3,4) (1,3) (4) (0,2) (1,2,3) (0,3) {12,30,25,31,18}
[..#.#.#.#] (0,1,3,4,7,8) (0,1,2,4,5) (0,1,2,5) (1,2,3,4,5,7,8) (1,4,5,6,7,8) (3,5,6,7) (0,2,3,5,6,8) (0,1,3,5,6,7,8) (1,5,6,8) (1,3,6) {237,94,225,265,46,279,259,62,254}
[.##.] (1,2) (0,3) (2,3) (1,3) (0,2) (0,1,2) {41,215,241,47}
[....#..#] (0,2,4,5,7) (0,1,3,6) (0,2,3,4,5,7) (4,5,7) (1,3,4,6) (1) (0,2,3,5) (2,3,6,7) (0) (1,2,3,4,5,7) {33,51,42,50,49,42,25,36}
[.....#.] (0,2,5) (1,2,4,6) (1,3,4) (2,4,5,6) (0,1,2,3,4) {27,27,33,26,32,18,6}
[..##.] (0,3,4) (0,2) (1,3,4) (0,3) (0,2,3,4) (0,1,2,4) {67,15,36,39,35}
[##.##.] (0,1,2,3) (0,1,4) (0,3) (0,1,2,5) (0,2,4) (0) (1,2,3,5) (1,2,5) {64,32,33,26,19,15}
[..##...] (0,1,2,3,4,6) (1,3,4,5) (2,3) (0,3,6) (0,2,5) {133,19,27,163,19,17,130}
[###.#.] (0,1) (1,2,3,4,5) (2,4,5) (1,5) (0,2,3) (0) (2,3,4,5) {16,23,52,37,48,49}
[####.##] (2,4,5) (0,1,2,3,6) (2,4) (2,3,5,6) (0,1,2,4,5) (0,1,5,6) {30,30,31,15,16,38,34}
[####.....] (0,3,4,7) (0,2,3) (1,3,4,5,6,7,8) (0,1,2,3,4,5,6,8) (1,3,5,8) (1,3,4,5,6) (6) (0,1,2,3,4,5,6,7) (0,2,3,5,6,7,8) (1,2,3,7) {39,38,35,66,39,26,25,33,15}
[.#######.#] (0,3,4,8,9) (1,6) (0,1,9) (0,1,2,4,5,6,7,8) (0,1,2,3,4,6,7,8) (0,1,4,6,8,9) (2,4,5,7,8,9) (0,1) (1,2,8,9) (0,1,3,5,8,9) {62,76,44,33,35,34,21,33,62,57}
[#...#..#.] (0,2,3,5,7,8) (1,2,3,4,5,6,7,8) (0,2,3,5,6,7,8) (1,7) (4,6) (5,6) (1,2,5,6,7) (0,2,3,6,7,8) {16,36,43,30,15,59,53,52,30}
[..#..###..] (0,1,2,4,5,8,9) (1,6) (3,4,6,7,8) (1,2,3,6,8,9) (0,3,4,7) (3,5,8,9) (1,2,3,7,8) (0,1,3,4,6,7,8) (0,1,2,5,8,9) (0,1,4,6,7,8,9) (4) (6,7,9) {78,87,60,71,85,35,70,89,97,78}
[#####..] (1,4,6) (1,3,5,6) (0,2,4,5) (1,2,3,4,6) (0,5) (0,6) (2,6) (0,1,2,3,5,6) {23,38,24,20,23,41,59}
[.#.###] (0,1,3,4,5) (0,3,4) (3,4) (0,2,4,5) {36,17,18,36,54,35}
[##..###] (0,1,2,3,4,5) (0,1,2,3,5) (0,1,2,4,5,6) (2,3,4,5,6) (1,2,3,4,5) (0,1,4,5,6) (2,3,4) (0,2,3,6) (2,4,5) {47,56,81,43,85,85,47}
[##.....#] (0) (0,6) (2,3,4,6,7) (0,2,3,4,5,6) (0,1,3,5) (1,2,3,4,5,6,7) (3,7) (0,1,2,3,4,5) {53,34,48,65,48,35,48,37}
[##....#.] (1,2,6) (1,2,3,4,5,6) (5,6) (2,5,6) (6) (1,3,4) (0,1,3,6) (0,3,4,7) (0,1,2,4,6,7) {16,46,43,32,27,222,258,9}
[#..#] (3) (0,2) (1) (1,3) (2) {3,22,11,26}
[..#.#] (4) (0) (0,1,4) (2,3) (0,3,4) (1,2) (0,2,3,4) {42,15,41,38,31}
[..###..] (1,2,4,5,6) (4) (1,3,4,5) (0,1,2,3) (0,2,3,4,5,6) (3,6) (2,4,6) (0,1,2,6) (0,1,3,4,6) {27,29,159,26,174,18,169}
[#.#####...] (0,1,2,3,5,6,9) (0,6,8) (0,1,2,7) (0,2,4,6,7,8) (0,1,2,3,4,5,6,7,8) (2,5) (0,2,3,4,6,8,9) (3,4,5,7,8) {46,28,50,27,29,36,30,43,36,9}
[#..#..] (1,2,4,5) (0,1) (1,3) (0,3) (1,4) (0,1,5) {222,238,20,25,25,40}
[###...##] (0,2,3,5) (0,1,2,4,5,6) (1,2,3,5,6) (4,6) (2,7) (2,3,4,5,6,7) (0,1,3,4,5,6) (0,1,3,4,6,7) {39,26,237,220,226,222,227,220}
[###..#] (0,3,4) (0,1,2,5) (0,1,4,5) (0,2,3,4,5) {29,11,19,18,26,27}
[#..##] (1,2,3,4) (0,2,4) (0,1,4) (2,4) (1,4) {9,23,19,0,42}
[.#.###.##] (4,6,7,8) (1,2,8) (0,1,2,3,4,5,8) (0,1,5,7,8) (0,3,5,6,7) (1,3,4,5,7,8) (2,5) (0,1,4,8) (0,1,2,4,5,6,7,8) {58,64,35,44,51,72,36,63,72}
[#..#..#..] (1,2,3,4,5,6,7) (0,1,4,6,8) (1,2,3,5) (0,1,2,3,4,6,7) (0,1,2,4,5,6,8) (0,1,2,4,5,7) (1,2,3,4,5,7) {42,80,74,55,61,57,53,42,19}
[#.##...##] (0,2,5,8) (3,7) (2,3) (0,3,4,8) (1,3) (0,1,2,4,5,7,8) (1,3,6,7,8) (0,1,2,3,5,6,7) {26,23,24,29,17,20,4,22,30}
[#..#] (0,3) (1,3) (0,1) (0,2) {42,34,8,34}
[.#...#...] (8) (1,2,3,4,5,8) (0,2,3,4,5,6,8) (3,4,6,8) (1,4) (0,6,8) (5,7) (7,8) (1,5) (1,2,4) {27,35,19,22,40,33,31,10,58}
[.#.#..#] (0,3) (1,3,4,5,6) (0,2) (1,2,5) (0,2,4,5,6) (0) (0,1) (1,3,4) (2,3,4,5) {55,32,54,37,41,45,18}
[.#.#.#...] (2,3,6,8) (5,6,7) (1,2,4,6,8) (0,1,4,5,7,8) (0,2,3,4,6,7,8) (2,6) (0,1,2,4,5,7) {23,20,54,23,29,16,43,25,30}
[..###.#] (3) (0) (3,4) (2) (0,1,3,5,6) (0,1) (1,2,3,4,6) (0,1,2,5,6) (3,5) {35,26,20,145,16,128,11}
[##...] (1,3) (2,4) (2,3,4) (1,2) (0,1,4) {8,18,46,18,45}
[..##.#.] (1,2,3,5) (0,1,4,6) (0,1,2,3,4) (2,4) (0,2,4,5,6) (0,5) (0,1,3,5) (2,3,4,6) (1,2,4,5,6) {174,186,204,173,203,63,62}
[####] (0,3) (1,3) (0,2) {16,12,13,15}
[...####] (0,1,2,4,6) (0,3,4,5) (0,2,3,4,6) (1,2,3,5,6) (0,1,2,5,6) (0,2,3) (0,5) {48,10,40,42,27,19,26}
[....#..##.] (3,7) (1,5,6) (0,1,2,3,4,5,6,9) (0,2,6,9) (0,1,2,4,5,7,8,9) (3,4,6) (0,1,3,4,6,7,9) (0,6,7,8) (0,1,2,3,4,7,9) {61,45,40,46,41,27,78,42,16,48}
[...#.] (2) (0,4) (0,1,2) (0,1,2,3) {26,25,30,18,1}
[###.#] (1,2,4) (2,3) (0,2,3) (0,3,4) {5,19,26,8,20}
[.##.#.####] (1,2,3,7) (2,8) (0,1,2,4,5,6,7,8) (1,2,5,7,8) (1,2,4,6) (0,1,2,4,6,7,8,9) (0,1,2,3,5,6,7,8) (0,1,2,3,5,7,9) (6,9) (2,4) (0,3,9) (0,3,4,6,7,8) {56,76,91,60,54,52,63,86,53,36}
[###..##] (0,5) (3,4,6) (1,3,4,6) (0,2,4,5) (0,4,5) (0,4,5,6) (0,1,2,4) {32,27,21,25,54,13,29}
[...##.#.#] (1,2,5,6,8) (1,4,6) (1,5,6,8) (1,2,4,5,7,8) (0,3,4,5) (1,3,5,7,8) (0,7) {11,53,22,10,35,46,45,9,36}
[#.#.##] (1,3) (0,4) (0,1,5) (3) (3,4) (0,2,4,5) {26,150,20,153,22,24}
[##.##..] (0,1,2,4,5,6) (0,1,4,5,6) (1,3,5) (1,2,6) (2,3,4,5) {15,26,24,15,25,30,21}
[...#####..] (0,6,9) (0,5,7) (1,5,6,8,9) (2,9) (0,4,7,9) (1,2,4,5,6) (1,2,5,9) (4,5,7,8,9) (0,2,5,6,7,8) (2,3,5) (3,4) (0,1,2,4,6,7,8,9) (1,2) {64,68,103,32,45,80,52,57,45,93}
[#.##...] (4,5) (0,5) (0,1,2,3,4,5) (1,2,3,4,6) (0,1,3,6) (1,2) {28,34,19,33,21,16,30}
[.##.] (0,1,3) (1,2) (0,1,2) {16,21,12,9}
[###..] (0,3,4) (4) (0,1,2) (1,3,4) (2) {104,22,4,122,137}
[#.#.##..] (0,3,6) (0,1,2,4,5,6) (0,1,2,3,5,6,7) (0,1,3,4,6,7) (4,5) (0,1,2,4,6,7) (0,1,2,3,4,5) {66,55,55,36,50,59,60,29}
[...#.#.##.] (2,4,5,6,8) (0,2,5,7,8,9) (1,2,6) (2,9) (0,1,2,3,4,6,7,8,9) (0,4,5,6,7) (1,2,3,4,5,6,7,8) (2,4,5,6,7,8) (0,1,2,3,4,5,8,9) (0,2,3) (4,9) {53,62,111,52,104,81,89,73,87,65}
[.####.#.] (1,3,4) (1,5) (6) (0,3,4,5,7) (0,1,5,7) (1,2,3,4,6) (0,5,7) {31,41,3,33,33,37,21,31}
[.#.#.#] (3,4) (0,1,2,3) (1,2,3) (0,1,3,5) (0,1,2,5) (0) {39,38,26,35,3,18}
[..#####.##] (0,2,3,4,6,8,9) (3,4,5) (0,1,2,3,4,7) (0,1,2,4,6,7,9) (0,2,5,6) (0,3,4) (0,2,7) (0,1,2,4,5,7,8) (1,2,3,4,5,8,9) (7,9) {29,28,46,23,33,26,10,33,20,33}
[....####] (1,3,4,6,7) (0,2,4) (7) (0,1,3,4,5,6) (0,3,5,7) (0,1,6,7) (0,3,4,5,6,7) (5,6) (0,2,3,4,5,6,7) (0,3) {68,21,13,77,41,56,51,59}
[#.##..#.#.] (1,2,4,6) (4,5,6) (5) (0,1,2,3,4,5,6,7,9) (0,1,3,6,7,9) (1,2,3,5) (1,3,4,8,9) (8,9) (0,1,2,4,5,6,7,8,9) (0,2,3) (2,4,5,7,9) (0,1,2,3,4,5) (3) {60,82,62,87,84,75,63,41,46,77}
[#..###.] (1,2,3,4) (0,1,3,5,6) (2,3) (0,1,2,5,6) (1,4,6) (0,3,4,5) (0,1,3,6) {59,76,38,75,57,50,59}
[##..#] (1,2,4) (0,1,4) (0,2,3) {24,24,16,8,24}
[#....#] (0,3,5) (2,4,5) (0,1,3,4) (1,2,4,5) (1,3,4) (0,4) (0,2,5) {146,30,36,119,51,136}
[.#.#..#] (1,2,4,5) (2,4,5,6) (4,5,6) (0,1,2,3,6) (0,3,4,5,6) (1,2,3,4,6) (1,3,4,5) {9,36,26,37,64,53,43}
[....#..] (0,1) (0,1,2,5) (3,4) (2,3,6) (0,2,3,6) (0,1,3,4) (0,2,3,4) (4,5) {47,38,36,29,24,27,12}
[#...##...] (0,2,3,8) (1,3,4,5,6) (1,4,8) (0,3,5,7,8) (4,5,7,8) (3,5) (0,1,3,6,8) {10,39,7,44,41,39,19,5,34}
[#....###.] (1,3,5,6) (1,4,5,6,7,8) (1,3,4,5,7,8) (1,3,7) (1,2,5) (1,4,7) (1,3,4,5,7) (1,2,6,8) (0,3,5) {12,117,22,74,58,80,49,76,50}
[....#.#.#] (2,3,6,7,8) (0,1,5,7) (0,3,5,6,7) (0,1,2,3,4,5,6,7,8) (1,2,4,8) (2,3) (0,1,2,3,4) (5,6,8) {42,47,56,51,33,53,53,47,58}
[###.] (2,3) (0,2) (1,3) (0,3) (2) (0,1,2) {16,31,36,25}
[#...] (0,1,3) (1,3) (2,3) (0,2,3) {39,21,35,56}
[..#.##] (1,2,3) (0,3,4,5) (2,3,4) (0,1,2,4) (2,4) {22,29,50,36,43,11}
[..##..###] (0,3,6,7,8) (1,5,6) (0,3,8) (0,1,2,4,6,8) (1,2,4,7,8) (0,1,2,3,7) (2,6,7) (0,3,4,5,6,7,8) {36,28,23,22,40,28,45,29,42}
[.#..#] (0,1,2) (2,3,4) (3,4) (0,1,2,4) (0,2,3) {40,26,54,40,32}
[##.##.] (3,4,5) (0,2,3,4,5) (2,4) (0,1,3,4) (0,1) (0,1,5) {26,21,15,24,34,26}
[..####] (0,1,2,3) (1) (0,2,5) (1,2,4,5) (0,4,5) {177,36,27,8,172,180}
[###...##.#] (1,3,4,5,6,8) (0,1,2,4,5,6,7,8,9) (0,3,4,5,6,7,8,9) (1,3,4) (1,2,3,4,5,7,8,9) (0,6) (0,1,2,4) (1,2,4,5,6) {38,78,40,58,96,66,66,26,46,26}
[..##] (0,1,3) (2) (0,1,2) (0,3) (0,1) (0,2) {228,202,27,204}
[#.##] (0,2,3) (1,2,3) {16,12,28,28}
[.#.#] (1,3) (0,1,2) {6,11,6,5}
[###..#.#] (0,1,4) (0,1,2,4,5,6,7) (1,2,4,5) (1,3,4,7) (0,2,3,7) (0,2,3,5,6,7) (4,6,7) (0,3,7) (0,1,2,4,5,6) (0,2,4,6,7) {56,35,55,31,68,24,50,77}
[###.##..] (0,1,2,3,6,7) (0,3) (4,5) (0,5,6) (0,2,3,5,6) (0,2,7) (1,5) (0,1,2,4,6,7) (1,2,4,6) {81,54,69,40,34,45,76,34}
[#...####.#] (2,3,6,8) (1,2,5,6,7,9) (4,7,9) (0,1) (2,4,7) (0,1,4,5,7,8) (1,2,3,6,7,8,9) (4,5,6) (0,1,2,4,6,8) (0,1,5) (9) (3,4,8) (1,2,3,4,5,8,9) {42,70,44,26,78,79,43,54,48,49}
[.##.#..] (0,1,2,3,5,6) (2,3,4) (5) (0,1,2,4) (0,2,3,4) (1,4) {45,44,52,39,59,26,12}
[.....#..] (0,1,5,7) (0,1,3,4,6) (0,2,5,6,7) (0,1,3,5,6,7) (1,2,3,5) (2,4,5,6,7) (1,3,4,7) (0,2,3,4,6,7) {61,63,48,57,35,68,51,80}
[###.] (0,1,2) (1,3) {14,29,14,15}
[#.##..##] (0) (0,5,6,7) (2,4) (1,3,4,5,7) (0,3,6) (1,4,6) (3,4,5) (0,1,2,7) (0,2,3,4,5,7) (0,2,5) {233,22,208,44,43,203,39,51}
[#.#.####] (0,1,4) (0,1,6) (1,3,5) (1,2,4,5) (1,3,5,6) (0,3,5,7) (2) {54,74,24,44,35,60,26,20}
[##.#.#..#.] (0,1,2,3,4,5,6,7,8) (0,1,2,4,6,9) (0,1,5,6,7,8,9) (0,1,2,4,5,8,9) (1,2,5,9) (2,4,7) (4,5,7) (1,6,7) (0,1,3,4,5,6,8) (1,2,6,8,9) {66,241,220,20,72,206,81,58,65,210}
[..#..#.#.] (0,2,3,6,7,8) (0,1,4,6) (0,3,4,7) (2,4,5,6,8) (1,3,4,5,6) (2,3,6,7,8) (0,1,2,3,6,7,8) (1,4) (0,2,4,6) (2,3,4,5,8) (0,3,4) {67,46,85,79,81,38,85,50,72}
[##...#.###] (0,1,2,4,6,7) (1,4,9) (1,2,3,5,6,7) (0,2,3,5,6,8) (1,4,5,9) (1,2,7,9) (0,1,2,3,4,5,6,7) (0,1,3,4,5,6,7,9) (1,2,3,4,6,8) (0,4,8) (0,2,9) (1,4,5,6,8) (0,1,3,5,6,8,9) {72,117,84,58,97,68,88,64,51,73}
[#.#.##...#] (0,2,4,6,7,9) (3,7) (0,1,2,3,4,6,7,9) (1,5,7,8,9) (0,1,2,3,4,5,6,8,9) (0,7,9) (0,1,2,4,5,6,7,8,9) (3,4,5,6,7,9) (1,3,4,5,7,8) {64,62,53,70,81,57,65,99,45,82}
[.##.##] (1,2,3) (1,2,4,5) (0,4,5) (2,3,5) (0,1,3,5) {9,15,18,13,14,17}
[####] (1,2) (0,3) (2) {10,1,20,10}
[####] (1,3) (0,1,2,3) {16,27,16,27}
[##.#.....] (2,5) (0,1,3,5,6,8) (2,3,4,7,8) (3) (0,1) (1,2,4,5,8) (1,5) (0,1,2,5) (4,5,8) (2) (2,3,4,5,6,7) {38,56,69,35,53,78,26,24,39}
[..#..#] (2,5) (1,5) (1,2,3) (0,4,5) {13,16,129,15,13,128}
[###.] (0,2) (3) (1) (0,3) (1,2) {32,21,34,20}
[.....###] (2,4,5,6,7) (0,1,3,4,5,6) (0,7) (0,3,4,6) (1,2,3,5,7) (1,2,3,4) (0,1,4,5,6,7) (1,6,7) {50,60,35,37,71,56,62,57}
[###.#...] (0,2,4,6) (1,3,4,7) (1,2,5,6,7) (0,1,7) (0,4,5,6,7) (0,1,4) (0,5,6) {61,17,14,0,41,39,50,23}
[#.#####.] (0,4,5,6,7) (0,2,3,4,5) (1,3,4) (0,1,6,7) (1,2,3,5,6,7) (1,2,3,7) (1,2,3,4,5,6) (3,5,6) {40,163,158,170,41,49,45,174}
[.##..#] (1,3,4) (0,5) (1,2,3) (0,2,4,5) (1,4,5) (0,2,3,4) {216,21,204,28,225,209}
[#..#.#..##] (2,8) (1,4,6) (0,1,2,3,7,8,9) (0,1,3,4,5,6,8,9) (0,1,2,3,4,6,7) (2,3,5,6,8,9) (0,1,2,4,5,7,9) (0,1,4) {67,81,56,42,62,16,37,46,31,35}
[..##] (0,3) (2,3) (0,1) {9,8,193,194}
[#..####] (0,1,4,6) (1,3,5) (0,2,3,5,6) (0,1,3,4,5,6) (1,2,3,5,6) (0,3,4,5,6) (0,1,4,5) (0,6) {51,73,18,50,46,61,55}
[....##..#] (2,3,4,5,6) (4) (7) (0,1,3,4,5,6,7,8) (2,3,7) (5,7) (0,1,4,5,7,8) (1,2,4,5,7) (0,2,3,4,5,6,7) (0,2,3,5,8) (1,2,3,4,6,7,8) {211,205,40,223,241,233,212,231,209}
[##..#..] (4,5,6) (1) (0,2,3,4,6) (0,1,2,4) (0,2,3,5,6) (1,2,3,4,5) {41,29,44,36,29,24,36}
[#..##.] (1,3,5) (1,2,3,5) (0,3,4) (0,2,3,5) {136,23,28,159,127,32}
[#####..#] (0,1,2,3,4,7) (1,2,4,5,6,7) (3,4,6,7) (1,3) (0,3) (1,5) (0,1) (2,3,4,5,6,7) {30,44,24,48,24,19,13,24}
[#...##] (0,1,4,5) (1,2) (1) (2,3,4,5) (0,2,4,5) (0,1,2,3) (0,2) (2,3) {26,13,41,23,17,17}
[#.##.##.] (0,5,6) (0,1,2,3,4,6) (1,7) (1,2,5,7) (1,2) (0,2,4,6) {35,44,50,15,34,10,35,22}
[#.#.#] (1,4) (0,3) (0,2,4) {14,10,6,8,16}
[.##.#.#..#] (2,8) (0,1,2,3,6,7,8,9) (0,1,3,4,6,8,9) (3,7,9) (3,4,5,8) (0,1,4,5,6,7,8,9) (0,1,3,4,5,7,8) (0,1,2,3,4,8,9) (4,5) (0,4,5,6,9) (0,2,3,5,6,7,8,9) {84,51,44,55,73,69,70,48,77,84}
[#.###...#.] (0,3,4,6,7) (0,1,3) (0,1,2,3,4,5,7,9) (0,1,2,4,5,6,8) (0,2,5,7) (6,8) (1,4,8,9) (7,8) (1,2,3,5,6,7,8,9) (3,5) (2,9) {47,42,43,58,34,43,26,47,43,43}
[#.#..#] (0,1,3,5) (0,2,4,5) (5) (1,2,3) (0,1,4,5) (1,3,4) (2,3,5) (1,2,4) {24,37,39,9,45,43}
[.####.###] (0,2,4,5,7) (0,2,3,4,5) (2,3,4,6,7,8) (1,7,8) (0,5,6) (0,1,2,3,4,6,7) (0,3,5,7) {41,13,51,50,51,29,40,38,21}
[...##] (1) (0) (2,3,4) (3,4) (0,2,3,4) (1,3,4) {27,26,26,41,41}
[...#....] (0,1,4,7) (0,1,5,6,7) (0,2,5,6,7) (0,4) (0,2,4,5,6,7) (2,3,7) {64,33,35,12,27,42,42,68}
[###.#] (2,4) (0,1,3) (4) (0,1,2) (0,3,4) {52,32,12,40,28}
[##...] (1,4) (1,2,3,4) (0,1,2) (0,1,4) (2,3,4) (1,2) {21,32,25,7,16}
[######.#.] (1,3,6) (0,5) (2,3,4,7,8) (2,3,4,5) (2,3,4,5,6,7) (0,1,2,4,6,7,8) (1,3,4,5) (0,2,7) (0,1,2,3,4,6) {36,34,47,43,39,26,36,42,16}
[.#....#.] (0,1,2,4,5,6,7) (0,1,2,4,6,7) (2,5) (0,3,4,6) (0,4) (1,3,5) (0,2,4,5,6) (0,5,7) (0,1,2,3,4,5) {103,58,74,49,98,80,62,32}
